0	 
205	<nul>
149,157,184	않
149,175,186	을
145,158,178	배
147,165,198	송
145,177,178	비
147,157,178	사
138,165,178	고
144,175,178	므
156,175,196	흣
150,157,179	작
149,161,194	업
155,170,198	풍
138,163,198	경
1	2
2	0
3	8
138,177,178	기
138,166,182	관
149,177,178	이
145,157,186	발
150,161,182	전
145,157,198	방
141,158,182	댄
147,175,178	스
152,162,186	첼
147,177,178	시
143,169,178	료
4	1
146,169,178	뾰
143,170,178	루
150,177,178	지
147,165,178	소
138,175,182	근
149,174,179	육
5	.
153,157,178	카
155,162,178	페
149,161,195	없
140,175,182	는
144,161,186	멀
154,177,178	티
144,177,178	미
141,177,178	디
149,161,178	어
147,175,194	습
140,177,178	니
141,157,178	다
6	/
150,165,199	좆
140,157,178	나
7	"
155,165,178	포
144,158,196	맷
150,157,178	자
149,174,178	유
143,175,186	를
144,170,182	문
154,170,178	투
155,157,182	판
144,158,178	매
156,162,178	헤
141,175,178	드
149,177,182	인
147,174,186	슐
143,177,182	린
145,175,186	블
143,165,178	로
138,175,178	그
8	ｌ
141,168,178	되
149,161,197	었
150,171,178	줘
149,162,178	에
147,162,178	세
150,165,178	조
147,161,182	선
9	3
138,165,198	공
138,158,178	개
10	…
156,157,182	한
144,165,181	몫
11	^
149,163,179	역
141,175,186	들
153,158,178	캐
140,165,182	논
149,171,182	원
143,158,178	래
139,170,178	꾸
144,177,193	밈
140,165,178	노
140,163,182	년
141,165,178	도
149,177,197	있
147,157,198	상
141,157,198	당
156,177,178	히
149,163,178	여
138,171,182	권
149,176,178	의
141,175,198	등
138,175,194	급
148,157,179	싹
138,161,196	것
152,158,179	책
139,165,199	꽂
145,157,178	바
139,157,202	깥
152,175,198	층
154,162,198	텡
149,159,178	야
138,166,178	과
156,157,179	학
156,166,179	확
141,177,179	딕
156,157,178	하
149,163,197	였
149,175,178	으
156,168,178	회
149,171,186	월
156,165,178	호
149,163,182	연
138,170,178	구
150,162,178	제
156,161,178	허
145,175,178	브
147,169,178	쇼
155,177,198	핑
149,164,194	옙
147,159,198	샹
139,161,182	껀
147,177,198	싱
138,175,186	글
147,157,182	산
149,157,178	아
143,157,178	라
12	7
13	5
145,165,178	보
14	〕
147,170,186	술
144,163,178	며
141,173,178	뒤
156,169,178	효
156,175,194	흡
140,158,178	내
143,163,178	려
150,161,198	정
145,170,178	부
15	，
150,165,198	종
143,174,178	류
152,157,199	찾
147,157,196	삿
155,158,193	팸
138,170,182	군
144,165,178	모
143,175,194	릅
152,161,198	청
138,162,196	겟
141,165,186	돌
16	6
144,165,186	몰
150,170,178	주
152,170,196	춧
156,166,182	환
143,165,179	록
152,163,197	쳤
138,170,198	궁
138,171,186	궐
152,158,193	챔
155,177,178	피
149,161,182	언
147,177,194	십
154,170,179	툭
144,163,182	면
149,173,178	위
143,157,182	란
17	？
138,157,194	갑
147,161,178	서
145,165,182	본
142,157,197	땄
144,173,182	뮌
156,162,182	헨
142,161,182	떤
138,157,178	가
149,169,178	요
18	(
139,170,193	꿈
139,170,194	꿉
138,164,178	계
156,168,179	획
140,162,178	네
145,174,186	뷸
143,161,178	러
138,166,198	광
150,157,198	장
146,161,186	뻘
138,161,198	겅
154,175,178	트
143,158,179	랙
145,158,179	백
156,158,178	해
138,157,193	감
141,165,198	동
156,157,193	함
147,170,178	수
140,175,187	늙
19	4
155,170,193	품
20	)
155,158,186	팰
143,177,178	리
141,158,178	대
144,177,182	민
138,170,179	국
145,157,185	받
145,170,182	분
147,161,179	석
155,163,198	평
138,165,193	곰
149,177,186	일
140,161,194	넙
151,170,179	쭉
140,162,194	넵
154,174,182	튠
138,161,186	걸
21	-
138,161,202	겉
155,161,193	펌
155,175,178	프
149,157,179	악
144,157,178	마
141,168,186	될
22	:
152,157,197	찼
141,175,193	듬
156,161,193	험
150,165,193	좀
141,161,178	더
155,177,186	필
155,177,182	핀
145,157,182	반
144,170,178	무
145,157,180	밖
138,174,182	균
147,177,182	신
141,161,182	던
152,168,178	최
152,165,178	초
23	,
24	9
151,161,186	쩔
141,157,194	답
145,163,182	변
153,165,182	콘
150,161,193	점
25	*
26	[
156,158,198	행
145,165,179	복
156,157,194	합
138,157,179	각
152,162,178	체
144,165,193	몸
149,166,178	와
154,177,182	틴
147,175,186	슬
155,175,193	픔
144,158,199	맺
154,177,186	틸
149,170,178	우
156,166,198	황
140,175,198	능
154,174,186	튤
143,177,194	립
152,161,196	첫
153,157,186	칼
143,161,193	럼
150,161,186	절
152,157,178	차
144,157,186	말
148,161,198	썽
150,158,198	쟁
138,157,202	같
27	ㆍ
154,177,194	팁
28	|
144,162,178	메
143,163,182	련
156,158,197	했
149,157,182	안
145,163,178	벼
156,163,182	현
150,158,178	재
146,161,198	뻥
147,172,178	쉐
149,172,194	웹
141,157,180	닦
149,175,182	은
138,163,180	겪
141,161,179	덕
147,169,182	숀
140,162,179	넥
29	'
154,165,178	토
143,165,182	론
138,162,178	게
30	１
31	０
156,162,194	헵
145,161,182	번
141,157,193	담
146,170,179	뿍
143,174,193	륨
149,163,198	영
149,159,198	양
143,163,179	력
32	ㅁ
139,167,178	꽤
149,168,178	외
139,175,192	끓
138,169,178	교
149,177,193	임
155,162,179	펙
147,177,186	실
154,157,178	타
149,170,182	운
152,177,178	치
153,162,186	켈
151,157,179	짝
154,170,198	퉁
156,159,178	햐
143,171,178	뤄
145,158,202	뱉
144,163,198	명
144,157,182	만
152,165,193	촘
153,177,178	키
144,162,179	멕
153,161,196	컷
33	ㅠ
141,177,186	딜
34	ㄳ
146,158,178	빼
148,177,196	씻
152,161,178	처
145,161,194	법
141,157,186	달
149,160,178	얘
139,161,180	꺾
149,164,178	예
144,157,184	많
155,158,179	팩
154,165,198	통
143,163,198	령
153,161,182	컨
152,174,178	츄
138,158,182	갠
153,173,186	퀼
147,158,198	생
150,158,179	잭
144,157,194	맙
35	５
153,173,182	퀸
150,175,186	즐
143,158,182	랜
141,158,186	댈
150,174,178	쥬
149,161,186	얼
146,170,178	뿌
151,177,199	찢
143,170,194	룹
155,157,180	팎
142,165,179	똑
152,158,178	채
140,161,186	널
155,164,178	폐
150,157,196	잣
150,177,194	집
154,157,179	탁
142,157,186	딸
138,163,186	결
145,177,179	빅
145,158,198	뱅
156,166,178	화
147,177,193	심
149,165,178	오
155,175,182	픈
145,161,193	범
150,168,178	죄
143,175,178	르
152,170,178	추
152,175,179	측
156,163,194	협
154,158,179	택
138,165,196	곳
150,177,182	진
156,175,187	흙
141,173,196	뒷
36	【
141,158,194	댑
155,157,198	팡
153,157,193	캄
156,165,193	홈
145,177,186	빌
141,177,198	딩
156,171,186	훨
148,177,179	씩
149,158,179	액
37	±
38	ㄴ
148,158,178	쌔
155,169,178	표
144,157,187	맑
138,158,179	객
151,174,178	쮸
39	@
154,158,178	태
141,168,194	됩
149,175,193	음
145,158,186	밸
156,173,182	휜
144,157,179	막
144,158,194	맵
154,157,196	탓
142,170,186	뚤
140,165,179	녹
156,175,178	흐
143,175,193	름
40	ㄲ
145,161,178	버
150,163,182	젼
141,157,187	닭
41	!
139,164,178	꼐
149,170,179	욱
154,163,178	텨
140,174,178	뉴
139,158,198	깽
150,175,198	증
143,157,198	랑
145,168,178	뵈
149,169,186	욜
147,171,178	숴
156,170,178	후
141,162,178	데
143,162,186	렐
140,177,193	님
152,175,186	츨
42	>
144,171,182	뭔
139,162,196	껫
156,176,178	희
144,157,198	망
150,161,179	적
152,158,186	챌
138,161,178	거
141,175,185	듣
156,170,182	훈
140,161,178	너
141,157,204	닿
139,175,182	끈
153,165,179	콕
143,170,182	룬
153,163,197	켰
149,169,198	용
156,157,186	할
145,157,193	밤
146,157,193	빰
143,161,186	럴
145,177,194	빕
143,161,204	렇
139,161,193	껌
141,170,178	두
141,157,185	닫
139,165,179	꼭
156,161,198	헝
138,161,203	겊
156,177,179	힉
43	~
150,170,198	중
149,157,198	앙
149,157,187	앍
140,163,178	녀
153,165,178	코
140,175,178	느
139,177,182	낀
141,157,179	닥
152,166,186	촬
44	×
141,171,178	둬
150,173,182	쥔
154,161,178	터
152,161,182	천
152,170,198	충
155,165,179	폭
156,165,182	혼
144,170,202	뭍
142,158,193	땜
151,161,182	쩐
138,161,193	검
147,158,179	색
146,165,194	뽑
140,157,196	낫
144,170,179	묵
149,164,196	옛
140,157,186	날
149,163,193	염
144,157,185	맏
156,163,198	형
147,168,182	쇤
141,171,197	뒀
145,161,196	벗
45	#
144,177,186	밀
144,174,193	뮴
149,177,187	읽
141,168,182	된
149,165,186	올
151,157,186	짤
151,177,194	찝
155,157,194	팝
155,157,197	팠
142,158,182	땐
149,175,194	읍
147,161,186	설
149,171,178	워
153,167,178	쾌
145,174,178	뷰
146,158,198	뺑
153,163,182	켠
140,157,194	납
142,165,178	또
145,158,196	뱃
147,157,186	살
149,169,196	욧
139,161,178	꺼
150,162,182	젠
148,175,178	쓰
152,166,182	촨
147,161,198	성
147,175,179	슥
147,175,198	승
144,161,196	멋
142,170,192	뚫
138,157,182	간
156,177,186	힐
140,169,178	뇨
145,163,198	병
138,163,182	견
142,176,178	띄
143,159,179	략
153,171,182	퀀
144,163,186	멸
138,177,186	길
143,177,193	림
155,177,179	픽
142,165,186	똘
138,170,196	굿
140,177,198	닝
149,168,182	왼
147,165,182	손
147,177,179	식
155,158,178	패
149,165,196	옷
156,174,193	흄
148,170,179	쑥
150,174,182	쥰
149,159,182	얀
143,158,194	랩
140,175,179	늑
144,165,196	못
148,168,178	쐬
46	］
153,161,186	컬
143,162,179	렉
147,163,182	션
145,173,178	뷔
143,174,186	률
152,161,194	첩
47	]
143,177,186	릴
140,163,198	녕
139,175,186	끌
155,157,178	파
153,175,178	크
155,173,178	퓌
146,157,182	빤
147,160,178	섀
139,157,186	깔
141,162,186	델
138,166,193	괌
147,161,193	섬
138,177,196	깃
149,161,201	엌
141,161,196	덧
149,166,194	왑
138,168,198	굉
144,161,179	먹
143,161,179	럭
48	?
139,170,192	꿇
149,159,196	얏
150,157,199	잦
139,171,178	꿔
49	\
153,161,178	커
153,174,186	큘
152,161,186	철
152,170,182	춘
141,165,196	돗
144,170,186	물
149,165,182	온
138,176,178	긔
153,163,186	켤
143,162,178	레
154,175,193	틈
150,177,179	직
150,161,194	접
141,157,182	단
139,162,178	께
156,173,194	휩
148,157,178	싸
156,158,182	핸
150,165,182	존
150,175,194	즙
144,162,182	멘
140,170,178	누
150,177,188	짊
147,159,196	샷
50	」
51	ㅛ
52	ㅕ
149,163,194	엽
143,175,182	른
151,165,179	쪽
148,165,182	쏜
138,161,182	건
154,158,196	탯
150,170,186	줄
149,166,186	왈
140,158,194	냅
146,157,198	빵
144,171,194	뭡
154,175,179	특
150,177,198	징
145,165,198	봉
138,158,196	갯
146,177,178	삐
143,165,194	롭
146,157,186	빨
138,157,198	강
152,162,196	쳇
156,170,193	훔
152,163,178	쳐
147,157,202	샅
153,161,185	컫
151,170,193	쭘
153,175,193	큼
152,157,186	찰
153,157,179	칵
156,161,186	헐
151,171,178	쭤
145,162,198	벵
138,157,186	갈
149,177,192	잃
144,162,186	멜
146,177,186	삘
150,165,204	좋
154,162,182	텐
152,175,178	츠
140,165,194	놉
156,157,198	항
144,165,179	목
149,172,198	웽
149,157,186	알
149,162,182	엔
145,163,186	별
154,157,187	탉
152,177,194	칩
145,170,186	불
143,158,193	램
144,175,182	믄
147,158,193	샘
155,175,186	플
152,175,182	츤
142,158,178	때
147,165,179	속
140,170,182	눈
148,161,194	썹
153,171,186	퀄
145,158,182	밴
153,175,186	클
143,177,179	릭
154,168,178	퇴
150,161,178	저
143,163,194	렵
154,162,196	텟
138,175,187	긁
138,174,178	규
152,173,178	취
154,162,193	템
151,175,178	쯔
144,163,200	몇
156,177,196	힛
138,158,186	갤
154,157,197	탔
145,157,196	밧
154,171,178	퉈
145,165,196	봇
154,161,198	텅
149,165,179	옥
140,165,193	놈
138,168,178	괴
53	－
156,165,194	홉
54	ㅆ
55	ㅂ
152,165,196	촛
141,165,185	돋
152,159,178	챠
140,163,201	녘
149,171,193	웜
142,175,196	뜻
138,165,179	곡
140,177,179	닉
143,158,196	랫
155,165,193	폼
156,168,198	횡
150,159,198	쟝
155,158,196	팻
140,157,200	낯
149,161,185	얻
140,161,198	넝
138,167,178	괘
143,157,193	람
142,161,178	떠
145,170,187	붉
145,170,198	붕
56	ㅜ
152,170,179	축
140,175,186	늘
138,175,196	긋
139,157,182	깐
145,163,202	볕
145,157,202	밭
147,170,182	순
156,164,178	혜
141,161,203	덮
153,157,182	칸
145,162,179	벡
144,157,196	맛
156,170,198	훙
154,157,182	탄
149,170,194	웁
141,174,178	듀
149,162,196	엣
149,166,196	왓
153,177,196	킷
153,161,194	컵
57	<
149,158,178	애
154,175,196	틋
145,170,179	북
144,168,178	뫼
145,177,196	빗
139,166,179	꽉
146,158,182	뺀
148,177,186	씰
154,162,179	텍
143,164,178	례
141,175,194	듭
148,170,198	쑹
141,162,196	뎃
143,163,186	렬
139,177,194	낍
155,162,186	펠
138,163,193	겸
149,172,178	웨
146,161,178	뻐
149,164,182	옌
147,161,185	섣
154,161,186	털
152,177,179	칙
138,172,178	궤
153,174,178	큐
156,157,196	핫
147,174,178	슈
144,163,179	멱
147,162,182	센
154,165,193	톰
144,177,185	믿
140,157,193	남
153,165,186	콜
143,165,193	롬
156,158,179	핵
149,159,179	약
154,174,178	튜
154,175,182	튼
149,170,186	울
58	°
140,177,196	닛
148,161,193	썸
144,161,178	머
142,161,204	떻
59	&
140,161,189	넓
153,170,193	쿰
138,163,179	격
60	ㄷ
154,162,186	텔
141,158,193	댐
140,166,178	놔
152,165,198	총
140,162,193	넴
152,177,187	칡
138,157,185	갇
156,163,178	혀
152,157,193	참
149,163,196	엿
149,166,198	왕
148,161,182	썬
139,165,193	꼼
61	½
154,161,182	턴
152,162,182	첸
140,162,196	넷
147,173,186	쉴
138,161,179	걱
148,161,197	썼
138,165,182	곤
148,165,198	쏭
153,175,194	큽
153,170,198	쿵
155,170,178	푸
62	`
149,177,194	입
140,170,196	눗
147,162,193	셈
141,170,194	둡
149,157,197	았
142,175,186	뜰
152,157,179	착
63	_
153,172,178	퀘
148,175,182	쓴
152,170,186	출
141,175,196	듯
149,161,179	억
154,173,182	튄
151,177,198	찡
140,158,186	낼
155,158,198	팽
152,157,198	창
146,161,179	뻑
143,165,186	롤
145,177,198	빙
147,165,202	솥
142,170,178	뚜
139,161,198	껑
155,157,186	팔
144,165,194	몹
156,168,196	횟
145,170,196	붓
154,174,193	튬
139,177,179	끽
138,177,193	김
152,158,182	챈
150,165,200	좇
149,157,203	앞
146,161,182	뻔
142,176,182	띈
141,163,178	뎌
64	ㅗ
156,166,186	활
144,170,185	묻
140,157,180	낚
148,165,178	쏘
154,173,198	튕
147,169,198	숑
154,162,178	테
144,161,182	먼
156,158,193	햄
140,162,182	넨
144,175,186	믈
150,177,186	질
143,163,193	렴
140,162,186	넬
144,177,179	믹
141,176,178	듸
144,165,198	몽
142,157,193	땀
151,158,196	쨋
141,175,182	든
65	”
151,162,178	쩨
143,161,194	럽
148,157,182	싼
153,162,178	케
152,157,194	찹
156,170,190	훑
156,162,196	헷
145,170,202	붙
147,174,196	슛
156,163,179	혁
155,158,194	팹
140,165,198	농
140,173,182	뉜
139,157,178	까
150,175,179	즉
147,168,178	쇠
155,157,196	팟
66	２
139,166,198	꽝
145,162,178	베
138,162,197	겠
143,157,186	랄
147,163,186	셜
145,157,189	밟
140,170,179	눅
154,157,198	탕
67	〈
145,165,193	봄
145,159,178	뱌
148,161,179	썩
147,173,178	쉬
141,161,186	덜
153,161,179	컥
152,177,182	친
156,171,178	훠
149,177,198	잉
150,162,196	젯
156,161,182	헌
143,174,182	륜
149,175,198	응
68	￥
145,177,182	빈
149,161,193	엄
138,175,193	금
149,174,198	융
146,170,186	뿔
153,177,179	킥
152,161,193	첨
154,158,193	탬
150,165,179	족
149,161,196	엇
144,170,180	묶
141,170,182	둔
139,158,178	깨
149,172,182	웬
150,160,178	쟤
144,161,199	멎
148,177,194	씹
141,174,186	듈
151,177,179	찍
139,170,198	꿍
150,159,178	쟈
153,162,196	켓
152,171,178	춰
144,162,193	멤
149,157,194	압
148,157,193	쌈
149,162,198	엥
69	＆
142,173,182	뛴
140,158,182	낸
139,168,178	꾀
139,165,200	꽃
141,158,179	댁
144,173,178	뮈
70	〉
154,165,194	톱
150,157,186	잘
138,162,193	겜
149,165,200	옻
147,162,186	셀
148,177,178	씨
150,157,182	잔
144,177,202	밑
155,163,186	펼
150,165,186	졸
151,158,179	짹
153,158,196	캣
71	″
156,166,196	홧
154,177,198	팅
142,173,186	뛸
142,157,178	따
147,162,196	셋
149,166,197	왔
148,177,182	씬
150,175,182	즌
145,165,194	봅
146,162,178	뻬
155,163,182	편
140,157,204	낳
138,175,179	극
154,177,179	틱
72	ː
152,177,193	침
142,175,194	뜹
153,168,178	쾨
147,163,178	셔
153,158,198	캥
155,165,198	퐁
138,159,178	갸
145,157,179	박
147,161,196	섯
73	》
156,173,186	휠
141,177,193	딤
150,175,178	즈
151,175,196	쯧
147,159,186	샬
151,161,179	쩍
149,175,179	윽
74	ㄱ
75	ㅔ
155,170,186	풀
153,165,196	콧
152,172,178	췌
144,174,178	뮤
156,165,196	홋
146,165,178	뽀
147,165,196	솟
150,170,182	준
142,177,178	띠
156,177,198	힝
152,170,193	춤
138,174,186	귤
147,165,194	솝
142,161,186	떨
150,163,178	져
141,162,179	덱
144,177,198	밍
147,170,179	숙
154,161,193	텀
144,158,179	맥
154,158,194	탭
76	%
142,157,179	딱
152,177,198	칭
147,157,197	샀
149,157,196	앗
147,165,193	솜
156,159,198	향
143,173,179	뤽
150,170,193	줌
139,161,196	껏
148,165,185	쏟
140,175,203	늪
144,161,198	멍
140,164,178	녜
141,165,179	독
144,173,186	뮐
77	;
153,170,186	쿨
148,158,198	쌩
140,170,186	눌
78	３
154,170,193	툼
140,163,193	념
141,167,197	됐
155,174,186	퓰
150,175,193	즘
140,169,186	뇰
144,165,182	몬
138,175,198	긍
156,174,186	휼
140,157,197	났
142,170,198	뚱
138,170,188	굶
156,162,193	헴
153,177,182	킨
143,169,198	룡
148,177,198	씽
143,168,178	뢰
143,165,196	롯
156,170,186	훌
143,174,198	륭
148,157,194	쌉
142,165,198	똥
153,158,194	캡
150,161,199	젖
150,157,194	잡
141,170,198	둥
147,173,193	쉼
153,161,193	컴
140,161,182	넌
148,162,182	쎈
153,170,179	쿡
142,177,198	띵
150,169,182	죤
138,159,198	걍
138,167,198	괭
139,175,184	끊
143,161,197	렀
139,173,182	뀐
141,170,186	둘
79	′
151,170,178	쭈
153,173,179	퀵
146,165,193	뽐
144,170,193	뭄
139,171,198	꿩
154,173,178	튀
148,165,186	쏠
149,158,186	앨
80	～
140,165,186	놀
139,177,193	낌
155,163,193	폄
149,163,186	열
81	ㅇ
82	ㄹ
147,158,182	샌
149,158,196	앳
147,170,202	숱
149,177,199	잊
144,171,178	뭐
149,172,186	웰
151,165,193	쫌
156,165,202	홑
83	ㅅ
146,158,196	뺏
138,177,182	긴
151,161,194	쩝
139,173,178	뀌
149,165,198	옹
151,165,198	쫑
150,170,179	죽
153,162,193	켐
149,169,179	욕
154,164,182	톈
140,158,193	냄
147,158,178	새
156,173,179	휙
151,165,200	쫓
138,163,178	겨
142,161,196	떳
143,162,196	렛
150,163,197	졌
154,175,185	튿
146,157,178	빠
148,170,182	쑨
151,163,178	쪄
144,163,197	몄
151,161,198	쩡
143,159,198	량
146,170,193	뿜
143,161,196	럿
154,177,193	팀
149,163,189	엷
156,175,198	흥
84	“
139,165,186	꼴
156,173,178	휘
148,167,178	쐐
141,177,194	딥
149,174,200	윷
150,166,178	좌
153,170,182	쿤
153,161,197	컸
143,170,196	룻
141,165,193	돔
153,169,178	쿄
155,158,182	팬
139,165,194	꼽
85	˚
141,158,197	댔
146,158,186	뺄
139,159,179	꺅
156,176,182	흰
154,162,194	텝
146,175,193	쁨
154,165,182	톤
153,159,178	캬
147,172,186	쉘
156,175,193	흠
151,165,182	쫀
141,175,179	득
154,158,186	탤
143,161,182	런
146,158,197	뺐
149,159,194	얍
139,175,196	끗
145,157,194	밥
149,170,193	움
153,170,178	쿠
155,165,182	폰
147,157,194	삽
152,165,186	촐
145,161,198	벙
138,157,195	값
155,163,178	펴
147,159,179	샥
149,157,192	앓
142,175,178	뜨
86	※
147,163,197	셨
148,176,178	씌
149,177,179	익
143,157,197	랐
153,157,194	캅
87	』
88	ㅣ
140,159,178	냐
150,177,202	짙
149,165,192	옳
141,165,194	돕
153,158,193	캠
155,161,178	퍼
150,157,197	잤
150,177,196	짓
144,158,198	맹
89	‡
145,177,199	빚
144,177,194	밉
139,166,178	꽈
155,177,193	핌
90	｜
138,171,178	궈
141,173,198	뒹
156,177,194	힙
148,158,179	쌕
143,158,186	랠
146,175,178	쁘
149,174,186	율
152,175,193	츰
155,162,198	펭
138,173,182	귄
145,162,196	벳
156,170,196	훗
140,161,181	넋
150,161,188	젊
140,174,193	늄
146,165,198	뽕
140,175,193	늠
91	ㅑ
149,163,202	옅
150,161,196	젓
144,162,196	멧
141,167,178	돼
143,170,193	룸
155,162,194	펩
156,175,202	흩
147,157,179	삭
141,177,182	딘
156,158,186	핼
147,175,193	슴
149,161,198	엉
153,173,178	퀴
139,158,196	깻
149,177,203	잎
151,159,198	쨩
145,177,193	빔
141,161,189	덟
151,158,178	째
140,171,178	눠
148,157,197	쌌
149,165,194	옵
144,170,198	뭉
141,157,192	닳
138,170,199	궂
147,159,193	샴
149,159,189	얇
147,158,186	샐
147,170,203	숲
154,165,186	톨
147,157,193	삼
140,157,199	낮
145,161,186	벌
145,168,186	뵐
147,173,196	쉿
139,157,198	깡
138,163,194	겹
140,158,179	낵
155,161,198	펑
139,175,202	끝
140,157,182	난
145,163,196	볏
150,177,203	짚
143,164,182	롄
147,158,196	샛
146,175,194	쁩
155,170,196	풋
145,165,186	볼
154,161,179	턱
151,165,186	쫄
155,157,193	팜
149,164,186	옐
150,162,186	젤
140,159,198	냥
149,166,182	완
145,166,178	봐
153,166,179	콱
92	ㅍ
93	ㅎ
154,161,194	텁
139,159,178	꺄
149,162,193	엠
150,157,193	잠
145,175,182	븐
138,157,197	갔
143,158,197	랬
142,162,186	뗄
156,175,179	흑
152,165,179	촉
138,165,186	골
94	＋
140,168,178	뇌
149,173,182	윈
153,171,178	쿼
145,166,197	봤
151,175,193	쯤
138,163,197	겼
148,175,193	씀
152,162,179	첵
139,173,194	뀝
152,158,198	챙
138,170,185	굳
149,169,193	욤
145,158,193	뱀
147,162,179	섹
95	=
151,161,193	쩜
156,165,186	홀
149,159,204	얗
141,175,188	듦
138,177,194	깁
96	ㅡ
138,161,185	걷
149,162,186	엘
148,175,194	씁
140,171,197	눴
154,157,194	탑
145,162,182	벤
138,158,193	갬
138,173,178	귀
141,177,185	딛
148,158,193	쌤
154,175,186	틀
150,166,198	좡
155,163,197	폈
144,171,196	뭣
143,162,193	렘
149,161,187	얽
138,166,179	곽
143,163,196	렷
141,168,193	됨
143,175,196	릇
147,170,198	숭
146,169,198	뿅
144,159,178	먀
141,158,198	댕
147,170,185	숟
143,157,179	락
151,157,182	짠
149,166,179	왁
139,161,186	껄
146,159,193	뺨
147,162,198	셍
156,175,186	흘
150,173,178	쥐
141,161,200	덫
138,165,194	곱
142,177,182	띤
144,157,193	맘
142,175,182	뜬
146,157,196	빳
140,166,197	놨
97	＊
144,158,193	맴
155,157,179	팍
155,165,186	폴
153,177,186	킬
142,170,179	뚝
141,158,196	댓
150,170,194	줍
143,157,194	랍
149,165,193	옴
155,161,186	펄
150,165,194	좁
152,157,196	찻
148,157,198	쌍
147,177,192	싫
143,159,178	랴
140,165,204	놓
141,165,200	돛
144,157,202	맡
140,163,179	녁
151,177,178	찌
141,165,182	돈
149,157,193	암
155,174,178	퓨
139,165,182	꼰
156,177,182	힌
138,177,203	깊
139,158,182	깬
147,175,187	슭
145,177,200	빛
149,158,182	앤
147,177,203	싶
140,177,182	닌
149,173,198	윙
147,169,186	숄
147,169,194	숍
150,158,193	잼
145,163,194	볍
140,177,186	닐
139,171,197	꿨
155,177,194	핍
141,161,193	덤
140,158,196	냇
146,157,197	빴
152,161,179	척
146,175,182	쁜
144,169,178	묘
140,165,196	놋
139,157,179	깍
145,168,194	뵙
143,162,182	렌
139,158,197	깼
138,157,203	갚
156,162,186	헬
141,170,193	둠
143,161,198	렁
142,158,197	땠
140,165,203	높
147,170,193	숨
149,171,179	웍
148,175,179	쓱
150,171,197	줬
147,169,196	숏
149,163,180	엮
152,157,182	찬
138,157,196	갓
141,162,194	뎁
148,166,178	쏴
156,161,196	헛
153,177,194	킵
149,158,193	앰
153,168,186	쾰
139,165,198	꽁
144,177,200	및
153,158,186	캘
98	＃
156,174,198	흉
143,175,203	릎
154,158,198	탱
149,173,196	윗
140,157,202	낱
142,175,179	뜩
154,158,182	탠
154,157,186	탈
150,170,196	줏
99	ㅏ
138,165,185	곧
151,177,182	찐
141,162,198	뎅
151,157,194	짭
149,159,186	얄
145,161,199	벚
153,175,182	큰
143,158,198	랭
143,173,178	뤼
147,161,194	섭
139,170,186	꿀
139,175,193	끔
143,170,186	룰
154,170,182	툰
100	+
142,175,193	뜸
139,173,186	뀔
101	「
147,167,178	쇄
142,161,189	떫
153,166,178	콰
147,170,200	숯
149,165,188	옮
153,177,193	킴
148,161,178	써
149,167,182	왠
153,157,196	캇
138,162,186	겔
150,159,182	쟌
150,162,193	젬
156,165,179	혹
141,161,194	덥
102	＜
139,161,194	껍
151,157,198	짱
138,166,186	괄
138,167,182	괜
152,157,184	찮
156,163,193	혐
138,157,199	갖
152,171,197	췄
151,177,193	찜
147,164,182	셴
142,173,178	뛰
140,175,199	늦
144,174,186	뮬
149,161,199	엊
147,174,193	슘
156,174,178	휴
147,174,198	슝
143,171,197	뤘
140,161,196	넛
146,158,179	빽
140,173,178	뉘
139,161,179	꺽
103	％
149,171,197	웠
144,161,193	멈
148,175,186	쓸
138,157,204	갛
138,158,198	갱
143,170,179	룩
145,161,179	벅
149,161,203	엎
141,177,196	딧
138,170,194	굽
154,161,196	텃
155,162,196	펫
150,174,186	쥴
156,172,182	휀
153,165,193	콤
104	}
138,159,186	걀
150,169,178	죠
105	、
156,172,178	훼
149,159,193	얌
139,165,196	꼿
153,166,198	쾅
156,162,198	헹
149,173,193	윔
140,163,197	녔
140,161,193	넘
148,157,186	쌀
156,165,198	홍
151,168,178	쬐
106	ㅌ
141,174,182	듄
155,177,196	핏
151,165,178	쪼
150,177,199	짖
153,166,182	콴
146,170,182	뿐
155,161,182	펀
154,172,178	퉤
141,157,196	닷
144,158,182	맨
138,158,194	갭
144,171,186	뭘
147,164,186	셸
150,158,196	잿
107	ｍ
143,175,198	릉
108	ㆀ
146,161,196	뻣
156,170,179	훅
144,157,204	맣
140,170,194	눕
149,157,183	앉
154,157,193	탐
149,169,194	욥
141,174,193	듐
152,177,196	칫
147,165,186	솔
138,161,194	겁
148,170,178	쑤
155,170,182	푼
140,157,179	낙
156,171,182	훤
138,165,199	곶
143,157,204	랗
149,170,198	웅
140,162,198	넹
143,174,179	륙
139,165,178	꼬
151,161,178	쩌
148,162,178	쎄
151,177,186	찔
143,162,198	렝
148,161,186	썰
145,162,186	벨
145,157,187	밝
143,165,198	롱
147,161,180	섞
139,172,178	꿰
138,163,202	곁
149,170,196	웃
109	$
151,158,197	쨌
139,177,178	끼
142,157,198	땅
152,159,182	챤
147,161,203	섶
156,158,196	햇
110	￦
111	〃
141,162,182	덴
139,170,196	꿋
150,157,184	잖
140,170,193	눔
153,162,182	켄
140,158,198	냉
139,157,194	깝
147,164,178	셰
152,165,182	촌
151,166,179	쫙
148,169,178	쑈
139,157,180	깎
139,173,193	뀜
149,173,186	윌
140,161,204	넣
141,161,198	덩
143,177,198	링
112	／
142,158,198	땡
149,159,202	얕
151,157,189	짧
142,157,182	딴
143,170,198	룽
145,170,193	붐
147,177,185	싣
113	】
147,163,196	셧
140,176,178	늬
138,173,186	귈
151,158,193	쨈
139,170,179	꾹
149,161,183	얹
147,159,194	샵
114	＞
149,167,178	왜
151,157,193	짬
147,159,182	샨
153,177,198	킹
149,162,194	엡
144,177,197	밌
153,161,198	컹
140,177,194	닙
149,177,196	잇
139,175,198	끙
153,165,198	콩
115	ㅋ
141,157,188	닮
150,173,186	쥘
140,158,197	냈
147,170,196	숫
150,162,179	젝
116	．
152,169,178	쵸
147,161,197	섰
149,162,179	엑
146,161,185	뻗
147,175,182	슨
155,162,182	펜
156,163,186	혈
155,170,179	푹
145,163,179	벽
140,169,198	뇽
141,162,193	뎀
146,175,186	쁠
146,161,197	뻤
117	‥
154,165,179	톡
144,170,196	뭇
147,162,194	셉
139,170,182	꾼
149,158,194	앱
150,158,182	잰
143,162,194	렙
144,177,196	밋
153,163,178	켜
140,161,179	넉
156,158,194	햅
153,158,182	캔
118	˝
143,163,197	렸
156,163,197	혔
149,174,182	윤
147,177,196	싯
142,161,198	떵
147,159,178	샤
119	『
149,175,191	읊
156,167,196	횃
143,157,196	랏
146,163,178	뼈
138,170,186	굴
120	［
121	ㅈ
143,177,196	릿
142,175,185	뜯
122	†
149,169,182	욘
140,157,198	낭
153,175,179	큭
142,161,179	떡
145,165,180	볶
153,157,198	캉
148,157,204	쌓
123	《
142,162,178	떼
124	＂
153,165,194	콥
139,163,197	꼈
142,161,197	떴
148,177,193	씸
140,157,187	낡
155,161,179	퍽
139,175,178	끄
138,170,193	굼
125	{
138,177,198	깅
147,173,194	쉽
154,170,186	툴
156,157,190	핥
138,162,182	겐
148,165,179	쏙
156,161,179	헉
147,173,182	쉰
149,163,203	옆
139,177,186	낄
149,158,198	앵
152,177,186	칠
151,157,178	짜
152,170,194	춥
144,162,198	멩
147,157,188	삶
156,175,182	흔
138,170,187	굵
126	ㅊ
141,166,178	돠
144,158,186	맬
141,170,179	둑
127	ㅉ
144,157,199	맞
146,170,198	뿡
146,157,179	빡
155,157,202	팥
128	ㅓ
138,173,196	귓
129	ㅐ
141,177,199	딪
130	：
143,175,179	륵
150,177,193	짐
139,163,178	껴
156,177,193	힘
131	。
147,175,196	슷
132	＇
133	！
134	）
140,159,193	냠
149,173,179	윅
156,162,179	헥
135	§
136	〔
139,157,193	깜
152,158,194	챕
137	（
